,Frequency, Formatted Data, Formatted Data.1
0,700000000.0,-1.46948609196,153.95772543
1,702302302.302,-1.45926313767,153.905591054
2,704604604.605,-1.46716749857,153.806687381
3,706906906.907,-1.46733103201,153.728067379
4,709209209.209,-1.44731060536,153.616570803
5,711511511.512,-1.45712436233,153.578079752
6,713813813.814,-1.45257272452,153.451414084
7,716116116.116,-1.45546002302,153.374713245
8,718418418.418,-1.46184374723,153.232634504
9,720720720.721,-1.4569567601,153.229739762
10,723023023.023,-1.46252711348,153.137758869
11,725325325.325,-1.47140563745,152.985525407
12,727627627.628,-1.46345395371,152.945179844
13,729929929.93,-1.45839259259,152.760260075
14,732232232.232,-1.47204365755,152.705170749
15,734534534.535,-1.46553793485,152.577420005
16,736836836.837,-1.47926734846,152.530844847
17,739139139.139,-1.47402849353,152.445732275
18,741441441.441,-1.46694439932,152.358913473
19,743743743.744,-1.46739242659,152.211461266
20,746046046.046,-1.45829846615,152.155882599
21,748348348.348,-1.45972188012,152.135101234
22,750650650.651,-1.46199737733,151.982831676
23,752952952.953,-1.46374948035,151.865481284
24,755255255.255,-1.46005318498,151.820740844
25,757557557.558,-1.46378112186,151.704890008
26,759859859.86,-1.45994307089,151.66351376
27,762162162.162,-1.45829104536,151.623468819
28,764464464.464,-1.47183640971,151.440046817
29,766766766.767,-1.46855788678,151.337053642
30,769069069.069,-1.47041990637,151.301059745
31,771371371.371,-1.47765271017,151.167948387
32,773673673.674,-1.46789462772,151.021016974
33,775975975.976,-1.47208527126,150.95329011
34,778278278.278,-1.45863610272,150.912596351
35,780580580.581,-1.47273724123,150.698801111
36,782882882.883,-1.46861724345,150.68187865
37,785185185.185,-1.47859014673,150.6102009
38,787487487.487,-1.47896650752,150.492348502
39,789789789.79,-1.47011045272,150.405095494
40,792092092.092,-1.47858894594,150.327014209
41,794394394.394,-1.485206883,150.231772505
42,796696696.697,-1.48714597759,150.231155003
43,798998998.999,-1.48259536077,150.110065992
44,801301301.301,-1.47521111561,149.977789896
45,803603603.604,-1.49116014879,149.96983723
46,805905905.906,-1.48273681912,149.828674161
47,808208208.208,-1.48726156277,149.667117024
48,810510510.511,-1.48465366719,149.590566227
49,812812812.813,-1.49659809891,149.499515425
50,815115115.115,-1.49651072572,149.46307129
51,817417417.417,-1.48784984375,149.352680312
52,819719719.72,-1.49236024107,149.231291184
53,822022022.022,-1.49268918808,149.10453069
54,824324324.324,-1.49164016522,148.97267091
55,826626626.627,-1.48196133901,148.942347945
56,828928928.929,-1.48476831596,148.851273267
57,831231231.231,-1.49491305484,148.759717865
58,833533533.534,-1.49855808301,148.68005872
59,835835835.836,-1.49406730231,148.560288119
60,838138138.138,-1.50247685603,148.468232947
61,840440440.44,-1.51468930681,148.417391997
62,842742742.743,-1.50701266174,148.389860192
63,845045045.045,-1.51014954463,148.190645585
64,847347347.347,-1.50958348054,148.106793401
65,849649649.65,-1.49963566274,148.051744207
66,851951951.952,-1.49807349596,148.033786492
67,854254254.254,-1.50772105548,147.83083528
68,856556556.557,-1.50046949657,147.7602248
69,858858858.859,-1.50371153427,147.63670138
70,861161161.161,-1.5052709116,147.481533676
71,863463463.463,-1.51306899893,147.469628073
72,865765765.766,-1.51255510923,147.369840034
73,868068068.068,-1.51335653452,147.297067149
74,870370370.37,-1.50231958226,147.136307087
75,872672672.673,-1.51645876734,147.129864384
76,874974974.975,-1.51357529839,147.039445284
77,877277277.277,-1.51920378326,146.994468101
78,879579579.58,-1.51846292122,146.85288194
79,881881881.882,-1.51595661446,146.734793766
80,884184184.184,-1.51698085951,146.703031493
81,886486486.486,-1.51207707993,146.594099923
82,888788788.789,-1.52062604866,146.462067274
83,891091091.091,-1.52217989334,146.419799221
84,893393393.393,-1.52902455698,146.333604049
85,895695695.696,-1.51814770756,146.242532169
86,897997997.998,-1.51873156744,146.114592974
87,900300300.3,-1.52763949096,145.950244696
88,902602602.603,-1.52617250295,145.859505291
89,904904904.905,-1.52513780811,145.825106238
90,907207207.207,-1.53510350501,145.780638826
91,909509509.51,-1.53423940498,145.648841369
92,911811811.812,-1.52733928551,145.635663169
93,914114114.114,-1.5341868496,145.504524863
94,916416416.416,-1.53657038419,145.371309343
95,918718718.719,-1.53146645703,145.289705908
96,921021021.021,-1.53580759741,145.235923455
97,923323323.323,-1.53464102491,145.160489587
98,925625625.626,-1.54695377502,145.058249803
99,927927927.928,-1.53417250891,145.007377021
100,930230230.23,-1.53594083053,144.894974114
101,932532532.533,-1.53280523886,144.803245438
102,934834834.835,-1.54319122747,144.642093821
103,937137137.137,-1.54486670873,144.557247615
104,939439439.439,-1.54800466373,144.477115997
105,941741741.742,-1.53775599552,144.399936548
106,944044044.044,-1.54684507293,144.224097914
107,946346346.346,-1.54924297159,144.256657058
108,948648648.649,-1.55427766927,144.120384799
109,950950950.951,-1.56310965903,144.016649378
110,953253253.253,-1.56498574647,144.010523723
111,955555555.556,-1.56246865014,143.881629271
112,957857857.858,-1.55689375539,143.801263877
113,960160160.16,-1.55965928741,143.66507628
114,962462462.462,-1.55713527438,143.579473388
115,964764764.765,-1.55159644115,143.460217271
116,967067067.067,-1.5559286247,143.3805362
117,969369369.369,-1.55140934988,143.359637117
118,971671671.672,-1.5552530056,143.278767039
119,973973973.974,-1.54347487228,143.181302297
120,976276276.276,-1.55115638216,143.111750735
121,978578578.579,-1.55606442087,143.033579128
122,980880880.881,-1.55037690347,142.862791887
123,983183183.183,-1.54601840002,142.791903031
124,985485485.485,-1.54263989012,142.728592682
125,987787787.788,-1.54873632504,142.604446729
126,990090090.09,-1.56012645114,142.518956391
127,992392392.392,-1.55501205506,142.442195577
128,994694694.695,-1.55688309611,142.32761151
129,996996996.997,-1.56316749419,142.168346956
130,999299299.299,-1.55475458568,142.087289165
131,1001601601.6,-1.56423000514,142.017065211
132,1003903903.9,-1.56036138755,141.894831274
133,1006206206.21,-1.55508697472,141.792866648
134,1008508508.51,-1.55710339225,141.71966318
135,1010810810.81,-1.55809853241,141.620995848
136,1013113113.11,-1.55641209497,141.555159744
137,1015415415.42,-1.55486399611,141.388596356
138,1017717717.72,-1.55978840459,141.356564702
139,1020020020.02,-1.56579825034,141.195117091
140,1022322322.32,-1.57083622031,141.115682649
141,1024624624.62,-1.56780085684,141.042532155
142,1026926926.93,-1.56455529848,140.897066799
143,1029229229.23,-1.56547936098,140.740323547
144,1031531531.53,-1.56819273388,140.719842599
145,1033833833.83,-1.57262705598,140.588442703
146,1036136136.14,-1.56636456705,140.484330649
147,1038438438.44,-1.57395100565,140.407787235
148,1040740740.74,-1.56862403729,140.317081233
149,1043043043.04,-1.56756589368,140.217871044
150,1045345345.35,-1.5707536176,140.066977466
151,1047647647.65,-1.5711233951,140.000473978
152,1049949949.95,-1.57473472029,139.930707513
153,1052252252.25,-1.57510758091,139.795221799
154,1054554554.55,-1.56430989942,139.719290788
155,1056856856.86,-1.56925162559,139.649087696
156,1059159159.16,-1.57852149588,139.538970161
157,1061461461.46,-1.57499037749,139.529169215
158,1063763763.76,-1.58152847542,139.347873999
159,1066066066.07,-1.57254807234,139.280430325
160,1068368368.37,-1.56757932111,139.135583886
161,1070670670.67,-1.57884514576,139.032691185
162,1072972972.97,-1.57748683615,138.890780325
163,1075275275.28,-1.58664912116,138.771242769
164,1077577577.58,-1.570888016,138.638898875
165,1079879879.88,-1.57435610753,138.572614924
166,1082182182.18,-1.59473848821,138.456745999
167,1084484484.48,-1.58955065414,138.359797827
168,1086786786.79,-1.58916642449,138.289362652
169,1089089089.09,-1.5966365681,138.150099057
170,1091391391.39,-1.6058656347,138.047881246
171,1093693693.69,-1.60730623494,137.973975161
172,1095995996.0,-1.60455281869,137.889134641
173,1098298298.3,-1.59818540144,137.77056952
174,1100600600.6,-1.59650392823,137.681512421
175,1102902902.9,-1.60098942671,137.561052587
176,1105205205.21,-1.59290883025,137.424530495
177,1107507507.51,-1.60422531903,137.340099648
178,1109809809.81,-1.60165041424,137.210841878
179,1112112112.11,-1.58893048951,137.087342572
180,1114414414.41,-1.60210159707,136.931760138
181,1116716716.72,-1.60577129482,136.887618273
182,1119019019.02,-1.6016625135,136.795907726
183,1121321321.32,-1.61069556245,136.713900377
184,1123623623.62,-1.60837917372,136.663156389
185,1125925925.93,-1.60916272132,136.548200222
186,1128228228.23,-1.61806580516,136.422011008
187,1130530530.53,-1.62095961276,136.303291584
188,1132832832.83,-1.62851791233,136.232478838
189,1135135135.14,-1.62704445954,136.123490283
190,1137437437.44,-1.62474061955,136.010117752
191,1139739739.74,-1.62070639894,135.908271451
192,1142042042.04,-1.6268102018,135.759410424
193,1144344344.34,-1.62192078174,135.645557244
194,1146646646.65,-1.62293300954,135.510898003
195,1148948948.95,-1.62151426671,135.380267872
196,1151251251.25,-1.62172854448,135.322061046
197,1153553553.55,-1.62538614813,135.255309895
198,1155855855.86,-1.62800361074,135.152988992
199,1158158158.16,-1.6271090771,135.057239939
200,1160460460.46,-1.63555012559,135.009836571
201,1162762762.76,-1.62480230811,134.875153776
202,1165065065.07,-1.6289264312,134.725962212
203,1167367367.37,-1.63467604435,134.648636044
204,1169669669.67,-1.63783793979,134.496835629
205,1171971971.97,-1.62884625429,134.490964981
206,1174274274.27,-1.63160566461,134.32013723
207,1176576576.58,-1.63574290476,134.271539063
208,1178878878.88,-1.63608242958,134.134574941
209,1181181181.18,-1.63814636388,134.005600226
210,1183483483.48,-1.6440952826,133.951157906
211,1185785785.79,-1.64190648479,133.851818371
212,1188088088.09,-1.63563929862,133.713830497
213,1190390390.39,-1.64419640064,133.683482854
214,1192692692.69,-1.66334442715,133.478648699
215,1194994994.99,-1.652476873,133.425073515
216,1197297297.3,-1.66290884051,133.258403177
217,1199599599.6,-1.66878299513,133.180114322
218,1201901901.9,-1.65813777842,133.040377198
219,1204204204.2,-1.66074758274,132.963698775
220,1206506506.51,-1.66878993553,132.865838296
221,1208808808.81,-1.66385154345,132.800712108
222,1211111111.11,-1.6698807778,132.724626685
223,1213413413.41,-1.66513022472,132.637604603
224,1215715715.72,-1.66524733348,132.493717823
225,1218018018.02,-1.66729673199,132.479868554
226,1220320320.32,-1.66865557122,132.355389838
227,1222622622.62,-1.67538435365,132.180168786
228,1224924924.92,-1.67798798323,132.055864023
229,1227227227.23,-1.67267407804,131.956410491
230,1229529529.53,-1.67813883207,131.819798357
231,1231831831.83,-1.67897966417,131.735460094
232,1234134134.13,-1.68311631491,131.623101571
233,1236436436.44,-1.67200695648,131.569746129
234,1238738738.74,-1.67677549082,131.492191305
235,1241041041.04,-1.68298169405,131.375467555
236,1243343343.34,-1.68424757453,131.281838469
237,1245645645.65,-1.69178605815,131.166003332
238,1247947947.95,-1.69171031351,131.054911915
239,1250250250.25,-1.68844595645,130.929981281
240,1252552552.55,-1.69408734734,130.765258257
241,1254854854.85,-1.69755042519,130.683053671
242,1257157157.16,-1.69385519207,130.629029028
243,1259459459.46,-1.70305520811,130.456160276
244,1261761761.76,-1.69808367247,130.41535174
245,1264064064.06,-1.71046666027,130.26613153
246,1266366366.37,-1.70111700235,130.14046737
247,1268668668.67,-1.70942044121,130.084812001
248,1270970970.97,-1.69815770265,129.947196312
249,1273273273.27,-1.70575398137,129.885590126
250,1275575575.58,-1.712164137,129.74261383
251,1277877877.88,-1.71185561563,129.692510207
252,1280180180.18,-1.71512236631,129.569565941
253,1282482482.48,-1.72262231289,129.430579478
254,1284784784.78,-1.72143271943,129.310518416
255,1287087087.09,-1.72227624271,129.247020163
256,1289389389.39,-1.7214156507,129.142331584
257,1291691691.69,-1.71783627987,129.049046472
258,1293993993.99,-1.73263781235,128.915448559
259,1296296296.3,-1.72873338416,128.828340788
260,1298598598.6,-1.73522773192,128.750382227
261,1300900900.9,-1.72889034158,128.640229134
262,1303203203.2,-1.72758818083,128.483412912
263,1305505505.51,-1.72931964221,128.313114139
264,1307807807.81,-1.73475772759,128.260475168
265,1310110110.11,-1.7484597349,128.128071302
266,1312412412.41,-1.73821452685,127.96379061
267,1314714714.71,-1.73406909988,127.889430771
268,1317017017.02,-1.72995657112,127.8006221
269,1319319319.32,-1.72975852806,127.624850613
270,1321621621.62,-1.74006070931,127.504856405
271,1323923923.92,-1.74634754886,127.452029024
272,1326226226.23,-1.74345883811,127.34251526
273,1328528528.53,-1.74974563557,127.254837534
274,1330830830.83,-1.75412621275,127.12369165
275,1333133133.13,-1.75422441515,127.075979899
276,1335435435.44,-1.75045803254,126.905437251
277,1337737737.74,-1.76092689788,126.81872023
278,1340040040.04,-1.75040802427,126.712251686
279,1342342342.34,-1.76274203621,126.584324945
280,1344644644.64,-1.76306796847,126.449663163
281,1346946946.95,-1.76566946984,126.410609867
282,1349249249.25,-1.7699584693,126.289442878
283,1351551551.55,-1.76950331652,126.210150425
284,1353853853.85,-1.77249592546,126.03504399
285,1356156156.16,-1.77353659195,125.910446535
286,1358458458.46,-1.78004762288,125.866859932
287,1360760760.76,-1.77604538692,125.691273958
288,1363063063.06,-1.77459185499,125.652993116
289,1365365365.37,-1.77809733114,125.559219452
290,1367667667.67,-1.78085321819,125.498790755
291,1369969969.97,-1.78270909154,125.368421408
292,1372272272.27,-1.78234833186,125.248644768
293,1374574574.57,-1.78187353237,125.117646069
294,1376876876.88,-1.78246205034,125.02941415
295,1379179179.18,-1.79416360008,124.887416634
296,1381481481.48,-1.79917277136,124.767294382
297,1383783783.78,-1.79766204923,124.663745007
298,1386086086.09,-1.7970327625,124.577879137
299,1388388388.39,-1.80210857162,124.437826102
300,1390690690.69,-1.80496529582,124.353762167
301,1392992992.99,-1.79827914381,124.227535106
302,1395295295.3,-1.80320704164,124.163098906
303,1397597597.6,-1.80654208771,124.048326499
304,1399899899.9,-1.80988515016,123.878962072
305,1402202202.2,-1.80791837078,123.805638081
306,1404504504.5,-1.81764855638,123.725092865
307,1406806806.81,-1.82308716588,123.619129793
308,1409109109.11,-1.82405054072,123.440911793
309,1411411411.41,-1.82872214016,123.411967959
310,1413713713.71,-1.82964183945,123.275137097
311,1416016016.02,-1.8297967372,123.145388792
312,1418318318.32,-1.82901398603,122.994339062
313,1420620620.62,-1.83629930252,122.940275138
314,1422922922.92,-1.83236930309,122.805592702
315,1425225225.23,-1.843062967,122.653257602
316,1427527527.53,-1.84147332771,122.561446779
317,1429829829.83,-1.84000189757,122.439053898
318,1432132132.13,-1.84220847854,122.365080761
319,1434434434.43,-1.85118561579,122.236130433
320,1436736736.74,-1.84946149205,122.139013772
321,1439039039.04,-1.84584261658,122.044949223
322,1441341341.34,-1.84764708396,121.952744535
323,1443643643.64,-1.85450009626,121.7862159
324,1445945945.95,-1.85977894433,121.699560244
325,1448248248.25,-1.85314361519,121.536168837
326,1450550550.55,-1.85430120172,121.516368105
327,1452852852.85,-1.84819479568,121.445769569
328,1455155155.16,-1.86101199533,121.236747521
329,1457457457.46,-1.86092676179,121.08660088
330,1459759759.76,-1.85854593351,121.075756639
331,1462062062.06,-1.87042824452,120.944013097
332,1464364364.36,-1.86276184427,120.843680716
333,1466666666.67,-1.87302329449,120.692213857
334,1468968968.97,-1.87179246321,120.534640895
335,1471271271.27,-1.87351891603,120.452478802
336,1473573573.57,-1.88013682664,120.36643298
337,1475875875.88,-1.88276123109,120.210322735
338,1478178178.18,-1.88252966367,120.085087671
339,1480480480.48,-1.88662405933,119.957815083
340,1482782782.78,-1.88404373243,119.820027726
341,1485085085.09,-1.88584398958,119.719102073
342,1487387387.39,-1.89832480936,119.634275322
343,1489689689.69,-1.89178880765,119.508657828
344,1491991991.99,-1.89628924476,119.38790357
345,1494294294.29,-1.89789403587,119.219666202
346,1496596596.6,-1.90140877762,119.1836587
347,1498898898.9,-1.90274716253,119.028018036
348,1501201201.2,-1.91344896586,118.93002706
349,1503503503.5,-1.91324223357,118.818414897
350,1505805805.81,-1.92090989518,118.813703648
351,1508108108.11,-1.91523232425,118.655848499
352,1510410410.41,-1.91961463089,118.516423407
353,1512712712.71,-1.9229026141,118.387694645
354,1515015015.02,-1.92149668699,118.313069598
355,1517317317.32,-1.93031485047,118.172906468
356,1519619619.62,-1.9350220209,118.055771502
357,1521921921.92,-1.92999986473,117.904684913
358,1524224224.22,-1.93030290349,117.848236996
359,1526526526.53,-1.92683489376,117.702462906
360,1528828828.83,-1.94055641171,117.648827427
361,1531131131.13,-1.93391874847,117.486369878
362,1533433433.43,-1.94059150523,117.399708865
363,1535735735.74,-1.94296238564,117.369536248
364,1538038038.04,-1.95166733555,117.13930327
365,1540340340.34,-1.94982649428,117.044685997
366,1542642642.64,-1.94342918465,116.907074815
367,1544944944.94,-1.95326227952,116.834601665
368,1547247247.25,-1.94784448736,116.719645455
369,1549549549.55,-1.95697977335,116.681891361
370,1551851851.85,-1.96186659059,116.521488257
371,1554154154.15,-1.96968798592,116.395208172
372,1556456456.46,-1.97454015764,116.299808836
373,1558758758.76,-1.9771500127,116.200538066
374,1561061061.06,-1.983879782,116.055251545
375,1563363363.36,-1.9960457214,115.988849995
376,1565665665.67,-1.99558737356,115.80113135
377,1567967967.97,-1.99374972092,115.679402871
378,1570270270.27,-1.99021765066,115.608686526
379,1572572572.57,-1.99171812966,115.508097668
380,1574874874.87,-2.00489250399,115.376995687
381,1577177177.18,-2.00098385848,115.23451151
382,1579479479.48,-2.00490866128,115.038882863
383,1581781781.78,-2.00382248113,114.983748438
384,1584084084.08,-1.99915947557,114.871541424
385,1586386386.39,-2.00548073298,114.79864274
386,1588688688.69,-2.02093439178,114.696232962
387,1590990990.99,-2.0091523722,114.594728649
388,1593293293.29,-2.00289244825,114.443301184
389,1595595595.6,-2.027852199,114.380616884
390,1597897897.9,-2.0276541069,114.185709026
391,1600200200.2,-2.02067105136,114.088492497
392,1602502502.5,-2.02341938213,114.008148399
393,1604804804.8,-2.02891191126,113.820110424
394,1607107107.11,-2.03653490917,113.733053752
395,1609409409.41,-2.04219649599,113.64937824
396,1611711711.71,-2.03883102273,113.534043848
397,1614014014.01,-2.03719668027,113.364684928
398,1616316316.32,-2.04509769387,113.252331399
399,1618618618.62,-2.04423347582,113.174536995
400,1620920920.92,-2.04656492237,113.055086323
401,1623223223.22,-2.05244421492,112.922915741
402,1625525525.53,-2.05830888543,112.811741984
403,1627827827.83,-2.0471873036,112.675358791
404,1630130130.13,-2.05987546506,112.612134751
405,1632432432.43,-2.06961481701,112.514017954
406,1634734734.73,-2.0742752311,112.473613047
407,1637037037.04,-2.08233301344,112.274074799
408,1639339339.34,-2.07693219085,112.164986318
409,1641641641.64,-2.08454993896,112.011739485
410,1643943943.94,-2.08448470125,111.9281479
411,1646246246.25,-2.09211077334,111.840532179
412,1648548548.55,-2.09105992749,111.744131952
413,1650850850.85,-2.09221323766,111.574538222
414,1653153153.15,-2.09163105516,111.421991434
415,1655455455.46,-2.1014546946,111.350823577
416,1657757757.76,-2.09516953171,111.266799992
417,1660060060.06,-2.10811460437,111.113731715
418,1662362362.36,-2.10955538323,111.081735053
419,1664664664.66,-2.11010698297,110.909642535
420,1666966966.97,-2.12577039117,110.757373453
421,1669269269.27,-2.10940065839,110.694627074
422,1671571571.57,-2.10697970445,110.653969271
423,1673873873.87,-2.12328764356,110.483235333
424,1676176176.18,-2.1281102746,110.430844383
425,1678478478.48,-2.11983020733,110.253279771
426,1680780780.78,-2.12590088667,110.102652699
427,1683083083.08,-2.1178310288,109.947823169
428,1685385385.39,-2.121035122,109.7799087
429,1687687687.69,-2.13056228748,109.604220287
430,1689989989.99,-2.13613224369,109.545629
431,1692292292.29,-2.14120015176,109.445783504
432,1694594594.59,-2.13828496381,109.362205087
433,1696896896.9,-2.14640315903,109.185716546
434,1699199199.2,-2.1491648775,109.128278397
435,1701501501.5,-2.16402927375,108.962651036
436,1703803803.8,-2.16497049482,108.788864
437,1706106106.11,-2.16211011054,108.69388025
438,1708408408.41,-2.16489153563,108.613917523
439,1710710710.71,-2.17656228958,108.486631393
440,1713013013.01,-2.18004477481,108.331955042
441,1715315315.32,-2.17810120509,108.22998835
442,1717617617.62,-2.17289994936,108.124865647
443,1719919919.92,-2.18475520054,108.016078366
444,1722222222.22,-2.19407164419,107.893168932
445,1724524524.52,-2.18838148969,107.801852692
446,1726826826.83,-2.18088383614,107.741953432
447,1729129129.13,-2.19201914873,107.621729136
448,1731431431.43,-2.1869960076,107.56429214
449,1733733733.73,-2.19617146248,107.374253477
450,1736036036.04,-2.20425306998,107.223809095
451,1738338338.34,-2.20547330883,107.161581776
452,1740640640.64,-2.21407804233,107.047843679
453,1742942942.94,-2.21037533875,106.962635519
454,1745245245.25,-2.22138637617,106.836365285
455,1747547547.55,-2.22093507331,106.726488533
456,1749849849.85,-2.22162632603,106.605496058
457,1752152152.15,-2.22583429212,106.48900256
458,1754454454.45,-2.21651301491,106.352631662
459,1756756756.76,-2.2259907729,106.181316001
460,1759059059.06,-2.23234131371,106.120329116
461,1761361361.36,-2.23158780863,105.958014717
462,1763663663.66,-2.2371451474,105.858369338
463,1765965965.97,-2.24895784287,105.794702083
464,1768268268.27,-2.25424248615,105.685262667
465,1770570570.57,-2.25467170205,105.479618797
466,1772872872.87,-2.25839115539,105.354405353
467,1775175175.18,-2.25744046017,105.263021698
468,1777477477.48,-2.2718994103,105.115326693
469,1779779779.78,-2.26505595934,104.946302123
470,1782082082.08,-2.27011871793,104.850219599
471,1784384384.38,-2.27199918915,104.760847877
472,1786686686.69,-2.26878919195,104.659856439
473,1788988988.99,-2.28285677368,104.5247261
474,1791291291.29,-2.28807727101,104.469015543
475,1793593593.59,-2.28501967668,104.319842178
476,1795895895.9,-2.27838997267,104.189312672
477,1798198198.2,-2.2877288812,104.017718486
478,1800500500.5,-2.29815251134,103.920331941
479,1802802802.8,-2.31370137707,103.801443483
480,1805105105.11,-2.30649473919,103.713075001
481,1807407407.41,-2.30986798531,103.573125784
482,1809709709.71,-2.31151759179,103.425878102
483,1812012012.01,-2.31330805766,103.337317014
484,1814314314.31,-2.31987010687,103.188700114
485,1816616616.62,-2.32450360423,103.118538645
486,1818918918.92,-2.32854416067,103.035424785
487,1821221221.22,-2.32886775439,102.847171381
488,1823523523.52,-2.32622296397,102.696697191
489,1825825825.83,-2.34871508034,102.60397161
490,1828128128.13,-2.3389357465,102.475686691
491,1830430430.43,-2.33910182191,102.361559419
492,1832732732.73,-2.34674101324,102.288983935
493,1835035035.04,-2.35353617033,102.159075058
494,1837337337.34,-2.3517300729,102.036081204
495,1839639639.64,-2.34957319936,101.881224427
496,1841941941.94,-2.3593425358,101.723545339
497,1844244244.24,-2.36780531854,101.648803552
498,1846546546.55,-2.36877960457,101.520892143
499,1848848848.85,-2.37412104355,101.36980093
500,1851151151.15,-2.37429040633,101.226780217
501,1853453453.45,-2.38771905331,101.124610749
502,1855755755.76,-2.39489524228,101.031160326
503,1858058058.06,-2.38977735742,100.925974048
504,1860360360.36,-2.4007028244,100.812339573
505,1862662662.66,-2.4019001512,100.700564542
506,1864964964.96,-2.39086683168,100.547060142
507,1867267267.27,-2.40965328141,100.443393745
508,1869569569.57,-2.39985505061,100.323532652
509,1871871871.87,-2.41228042737,100.205069731
510,1874174174.17,-2.40834826539,100.02022834
511,1876476476.48,-2.41593322222,99.8957874149
512,1878778778.78,-2.42078249533,99.7941916932
513,1881081081.08,-2.41577316982,99.6864404943
514,1883383383.38,-2.42134603734,99.5669086653
515,1885685685.69,-2.43309354391,99.4621540345
516,1887987987.99,-2.43153605455,99.305124152
517,1890290290.29,-2.44072031609,99.1954951131
518,1892592592.59,-2.43873737386,99.0918023666
519,1894894894.89,-2.45273502679,98.9923701667
520,1897197197.2,-2.44599348074,98.9007443431
521,1899499499.5,-2.4642412924,98.7917854601
522,1901801801.8,-2.47191882803,98.6298229994
523,1904104104.1,-2.46978992183,98.4961204552
524,1906406406.41,-2.47275817014,98.3507473309
525,1908708708.71,-2.47639805185,98.2203560898
526,1911011011.01,-2.46835034655,98.1261174763
527,1913313313.31,-2.4755367126,97.9060301363
528,1915615615.62,-2.47612857644,97.8868182176
529,1917917917.92,-2.47386395698,97.7206373257
530,1920220220.22,-2.468829055,97.6086860438
531,1922522522.52,-2.47512206681,97.5015921864
532,1924824824.82,-2.49514494805,97.3729812177
533,1927127127.13,-2.49948597323,97.2064827076
534,1929429429.43,-2.49455760599,97.0083057839
535,1931731731.73,-2.50581755778,96.9343091025
536,1934034034.03,-2.51061701655,96.848400865
537,1936336336.34,-2.51738411949,96.6581144658
538,1938638638.64,-2.51139425095,96.6233760475
539,1940940940.94,-2.51997931946,96.507308075
540,1943243243.24,-2.52048720414,96.3628742105
541,1945545545.55,-2.53240174348,96.2301846519
542,1947847847.85,-2.53642193013,96.0871559181
543,1950150150.15,-2.54254939014,95.9997036094
544,1952452452.45,-2.53692954674,95.8799983886
545,1954754754.75,-2.54122626989,95.7198747473
546,1957057057.06,-2.54348155727,95.6055968334
547,1959359359.36,-2.54450600447,95.4940856815
548,1961661661.66,-2.55418387061,95.391190241
549,1963963963.96,-2.55311960732,95.1618959311
550,1966266266.27,-2.56261343264,95.1372300561
551,1968568568.57,-2.56554382511,94.9324539234
552,1970870870.87,-2.56711108938,94.8923755914
553,1973173173.17,-2.57083933075,94.7392884133
554,1975475475.48,-2.56366481832,94.5427263567
555,1977777777.78,-2.58482992597,94.4548635558
556,1980080080.08,-2.58394497345,94.3153729666
557,1982382382.38,-2.59199154979,94.273931227
558,1984684684.68,-2.59470871769,94.0958696789
559,1986986986.99,-2.60326090913,93.9789597677
560,1989289289.29,-2.5955698907,93.8215237936
561,1991591591.59,-2.60181556154,93.7420239387
562,1993893893.89,-2.60751026464,93.5776505715
563,1996196196.2,-2.60962054385,93.4772721555
564,1998498498.5,-2.6031004426,93.3996540997
565,2000800800.8,-2.61678260652,93.2077994849
566,2003103103.1,-2.62063917009,93.1005733737
567,2005405405.41,-2.61933209316,92.9773714119
568,2007707707.71,-2.63454277282,92.8056154038
569,2010010010.01,-2.62742276308,92.7798446675
570,2012312312.31,-2.63851906931,92.6417852165
571,2014614614.61,-2.6369462798,92.4847578701
572,2016916916.92,-2.63833826839,92.3661648391
573,2019219219.22,-2.65133249806,92.2757156392
574,2021521521.52,-2.64414792839,92.1505482259
575,2023823823.82,-2.65764993014,91.9582938663
576,2026126126.13,-2.66027688655,91.8531111768
577,2028428428.43,-2.67148417298,91.7751419669
578,2030730730.73,-2.66775615967,91.6397518502
579,2033033033.03,-2.67017142338,91.5609840019
580,2035335335.34,-2.66924539033,91.4342300104
581,2037637637.64,-2.68028091153,91.281791399
582,2039939939.94,-2.68232723425,91.0827985735
583,2042242242.24,-2.68333898208,90.9299365363
584,2044544544.54,-2.6789017575,90.8670056512
585,2046846846.85,-2.69146518748,90.7218474248
586,2049149149.15,-2.69811696435,90.5542676182
587,2051451451.45,-2.70772349158,90.4394033673
588,2053753753.75,-2.70210306192,90.4124544999
589,2056056056.06,-2.7092525782,90.2111573868
590,2058358358.36,-2.71158370003,90.1110953405
591,2060660660.66,-2.72252369694,89.9726649836
592,2062962962.96,-2.72789953073,89.905589303
593,2065265265.27,-2.72945286264,89.7636462571
594,2067567567.57,-2.73091846415,89.6633658845
595,2069869869.87,-2.73775648478,89.5149296028
596,2072172172.17,-2.73725568263,89.3703480445
597,2074474474.47,-2.74246816744,89.1964226917
598,2076776776.78,-2.75205634867,89.0915230583
599,2079079079.08,-2.75105042593,89.0073771553
600,2081381381.38,-2.75627072305,88.8288739624
601,2083683683.68,-2.76252186638,88.6772561152
602,2085985985.99,-2.76857003102,88.6203682415
603,2088288288.29,-2.77253160465,88.445148762
604,2090590590.59,-2.78443913216,88.3413426663
605,2092892892.89,-2.78136393449,88.2009558729
606,2095195195.2,-2.78797336745,88.0996129711
607,2097497497.5,-2.78806175581,87.9570151899
608,2099799799.8,-2.78962227966,87.9442776538
609,2102102102.1,-2.7954636795,87.7432947313
610,2104404404.4,-2.80218651697,87.6521259003
611,2106706706.71,-2.80930655471,87.5092164755
612,2109009009.01,-2.81310839606,87.3852527064
613,2111311311.31,-2.80966766458,87.3210213345
614,2113613613.61,-2.81541078729,87.1234422826
615,2115915915.92,-2.82330820891,87.0458590998
616,2118218218.22,-2.82163782652,86.9431746469
617,2120520520.52,-2.83529333758,86.7775078024
618,2122822822.82,-2.84318251067,86.6500425118
619,2125125125.13,-2.84200072834,86.5397032227
620,2127427427.43,-2.84197326119,86.3929404325
621,2129729729.73,-2.84555470782,86.2269613659
622,2132032032.03,-2.85227631523,86.0930265587
623,2134334334.33,-2.8518523983,85.9508839533
624,2136636636.64,-2.85985985158,85.7997603053
625,2138938938.94,-2.86947809629,85.6598988289
626,2141241241.24,-2.86309081855,85.5918716066
627,2143543543.54,-2.87390094062,85.4891680129
628,2145845845.85,-2.87520885091,85.3902294032
629,2148148148.15,-2.88247236539,85.2546599174
630,2150450450.45,-2.88667504187,85.0743625261
631,2152752752.75,-2.89196344514,85.0305689285
632,2155055055.06,-2.90092584773,84.8762979723
633,2157357357.36,-2.90374122851,84.6916054097
634,2159659659.66,-2.91500154108,84.582650096
635,2161961961.96,-2.91979243339,84.4603426611
636,2164264264.26,-2.91503306147,84.3546681134
637,2166566566.57,-2.92115068784,84.1651344564
638,2168868868.87,-2.92842273263,84.0504018069
639,2171171171.17,-2.93091632828,83.9329440625
640,2173473473.47,-2.9301501192,83.7899214428
641,2175775775.78,-2.93865041625,83.6427634606
642,2178078078.08,-2.93728565664,83.5049104816
643,2180380380.38,-2.94735472212,83.4002287595
644,2182682682.68,-2.94658956401,83.2511702392
645,2184984984.98,-2.940880408,83.1199727368
646,2187287287.29,-2.95800667499,83.0183881622
647,2189589589.59,-2.96260656903,82.8581137801
648,2191891891.89,-2.97424499554,82.7387739132
649,2194194194.19,-2.97690695793,82.6188861917
650,2196496496.5,-2.98068209356,82.4735266365
651,2198798798.8,-2.98668653579,82.347423458
652,2201101101.1,-2.99523274469,82.1946703158
653,2203403403.4,-2.9944233265,82.0589900707
654,2205705705.71,-3.00004115894,81.9996783716
655,2208008008.01,-3.00194183627,81.8918446132
656,2210310310.31,-3.00431012924,81.748146845
657,2212612612.61,-3.01199760001,81.6013925588
658,2214914914.91,-3.01685510646,81.506463834
659,2217217217.22,-3.01695964148,81.3754572022
660,2219519519.52,-3.02167912918,81.2473796007
661,2221821821.82,-3.02479948963,81.1586945937
662,2224124124.12,-3.03200722344,80.9712400564
663,2226426426.43,-3.03855146553,80.8746429584
664,2228728728.73,-3.04074123393,80.7386054078
665,2231031031.03,-3.04403563105,80.6055570349
666,2233333333.33,-3.0471003904,80.4254681568
667,2235635635.64,-3.0519514125,80.3615733783
668,2237937937.94,-3.05950469866,80.2217821894
669,2240240240.24,-3.05877749255,80.05847494
670,2242542542.54,-3.07109769753,79.9387497002
671,2244844844.84,-3.07579492241,79.7680083315
672,2247147147.15,-3.07013773723,79.6524540486
673,2249449449.45,-3.07662417148,79.5105611251
674,2251751751.75,-3.07875013374,79.3494400126
675,2254054054.05,-3.08103560507,79.250163821
676,2256356356.36,-3.0910226077,79.1351605966
677,2258658658.66,-3.09854067236,78.9833644382
678,2260960960.96,-3.09936826231,78.9042826521
679,2263263263.26,-3.1071581148,78.7310796484
680,2265565565.57,-3.11228123417,78.6155310083
681,2267867867.87,-3.1154166603,78.4497435745
682,2270170170.17,-3.12437229992,78.3523546967
683,2272472472.47,-3.12015983608,78.1859719534
684,2274774774.77,-3.12059242821,78.0206358828
685,2277077077.08,-3.13338549002,77.885010808
686,2279379379.38,-3.14059902026,77.8042355665
687,2281681681.68,-3.14250837879,77.6691027093
688,2283983983.98,-3.1417622612,77.4944870784
689,2286286286.29,-3.15388879501,77.4334649776
690,2288588588.59,-3.1563656449,77.2645055528
691,2290890890.89,-3.16473802058,77.1415942962
692,2293193193.19,-3.17211281289,76.9680399045
693,2295495495.5,-3.16999036585,76.8300795968
694,2297797797.8,-3.17569491744,76.6679878912
695,2300100100.1,-3.17764773015,76.5538282858
696,2302402402.4,-3.18256086229,76.4635725809
697,2304704704.7,-3.18733186918,76.3599464271
698,2307007007.01,-3.19110218947,76.1890711499
699,2309309309.31,-3.18946234855,76.0834493343
700,2311611611.61,-3.20293666504,75.9791490078
701,2313913913.91,-3.20206819704,75.8227490504
702,2316216216.22,-3.21328528783,75.735702608
703,2318518518.52,-3.21463489242,75.5685541507
704,2320820820.82,-3.21889148852,75.5001748731
705,2323123123.12,-3.22726265613,75.3776249732
706,2325425425.43,-3.22199055826,75.1758895312
707,2327727727.73,-3.23876282558,75.0248726983
708,2330030030.03,-3.23928622476,74.920576433
709,2332332332.33,-3.24287865385,74.7548009296
710,2334634634.63,-3.24442577792,74.6739821162
711,2336936936.94,-3.24929795336,74.4510001031
712,2339239239.24,-3.25454563146,74.3668770511
713,2341541541.54,-3.25405922868,74.23453881
714,2343843843.84,-3.26376969827,74.1362737818
715,2346146146.15,-3.26171479353,73.9945496764
716,2348448448.45,-3.2688462655,73.8549117788
717,2350750750.75,-3.26962438222,73.6805972569
718,2353053053.05,-3.27411303872,73.5945044979
719,2355355355.36,-3.28304529977,73.5117871962
720,2357657657.66,-3.28425894427,73.3203053456
721,2359959959.96,-3.29405250957,73.133914516
722,2362262262.26,-3.29304846243,72.9867497793
723,2364564564.56,-3.2938804943,72.8534722124
724,2366866866.87,-3.29970846213,72.7398209024
725,2369169169.17,-3.30110195106,72.602211039
726,2371471471.47,-3.31168154186,72.4257536242
727,2373773773.77,-3.3220933077,72.276191229
728,2376076076.08,-3.32021290192,72.15553638
729,2378378378.38,-3.32660413665,71.9728656689
730,2380680680.68,-3.3252083226,71.874506928
731,2382982982.98,-3.34030129813,71.6760556751
732,2385285285.29,-3.34026629426,71.5941591461
733,2387587587.59,-3.34643266865,71.436624886
734,2389889889.89,-3.3453796103,71.2754252404
735,2392192192.19,-3.35740599827,71.0965962872
736,2394494494.49,-3.36381401445,71.0020156229
737,2396796796.8,-3.37668094071,70.8211665293
738,2399099099.1,-3.3793903569,70.6670024699
739,2401401401.4,-3.37394495795,70.5770571288
740,2403703703.7,-3.38015212072,70.4486958141
741,2406006006.01,-3.38287536763,70.3090125634
742,2408308308.31,-3.38071410389,70.1747894386
743,2410610610.61,-3.38563849296,70.0800927847
744,2412912912.91,-3.38965516789,69.9332086873
745,2415215215.22,-3.39206105714,69.8390357681
746,2417517517.52,-3.40475103272,69.6671754849
747,2419819819.82,-3.40788745287,69.5148745501
748,2422122122.12,-3.41107009142,69.4020118295
749,2424424424.42,-3.42101986686,69.2417450498
750,2426726726.73,-3.424602703,69.082896489
751,2429029029.03,-3.43302841403,68.9455028706
752,2431331331.33,-3.42565149726,68.8422967952
753,2433633633.63,-3.43865017441,68.6571465121
754,2435935935.94,-3.44146849917,68.5229405682
755,2438238238.24,-3.4452514126,68.366303216
756,2440540540.54,-3.4483911438,68.2723362143
757,2442842842.84,-3.45040046515,68.0985519852
758,2445145145.15,-3.45665262354,67.9672198796
759,2447447447.45,-3.45869963148,67.8596713911
760,2449749749.75,-3.46248206115,67.723892031
761,2452052052.05,-3.46378440961,67.5515949305
762,2454354354.35,-3.4694390939,67.4011954708
763,2456656656.66,-3.46803438947,67.3175704044
764,2458958958.96,-3.47833657714,67.1594640235
765,2461261261.26,-3.48053789033,67.0549265827
766,2463563563.56,-3.48788220149,66.8110226641
767,2465865865.87,-3.48382815685,66.7299130382
768,2468168168.17,-3.50142194344,66.5164369873
769,2470470470.47,-3.49930743618,66.4015439069
770,2472772772.77,-3.5072007041,66.2221929222
771,2475075075.08,-3.50878178034,66.1657021594
772,2477377377.38,-3.5178170399,65.9983335072
773,2479679679.68,-3.52135726847,65.8885943019
774,2481981981.98,-3.52986839467,65.7816550647
775,2484284284.28,-3.52731158448,65.6433729903
776,2486586586.59,-3.53259787295,65.4743022316
777,2488888888.89,-3.53965713067,65.3471450587
778,2491191191.19,-3.53829848988,65.1790106098
779,2493493493.49,-3.54559850881,65.0546943976
780,2495795795.8,-3.54820592489,64.8736595161
781,2498098098.1,-3.55106032236,64.7507822928
782,2500400400.4,-3.55609451885,64.6202946131
783,2502702702.7,-3.5627231273,64.4823348303
784,2505005005.01,-3.57346311171,64.4024566856
785,2507307307.31,-3.57082577118,64.2377826001
786,2509609609.61,-3.57640587146,64.0547456957
787,2511911911.91,-3.58116367647,63.8740998034
788,2514214214.21,-3.58063657252,63.7656688729
789,2516516516.52,-3.58212860093,63.6026951051
790,2518818818.82,-3.58617167625,63.466380483
791,2521121121.12,-3.58417831223,63.3414477603
792,2523423423.42,-3.59400623343,63.1983982066
793,2525725725.73,-3.59162464449,63.0655675953
794,2528028028.03,-3.59930932934,62.9275464636
795,2530330330.33,-3.60297872876,62.7781337627
796,2532632632.63,-3.60406357295,62.6645618893
797,2534934934.93,-3.61388612773,62.5129772319
798,2537237237.24,-3.61750686289,62.3406098872
799,2539539539.54,-3.62976331349,62.1944560122
800,2541841841.84,-3.63113337303,62.0264632289
801,2544144144.14,-3.63394982804,61.9066011161
802,2546446446.45,-3.62944434351,61.7763623578
803,2548748748.75,-3.64369125246,61.6575171782
804,2551051051.05,-3.64311815866,61.4449815093
805,2553353353.35,-3.64314278323,61.3143449455
806,2555655655.66,-3.65311988649,61.1824525391
807,2557957957.96,-3.65366540492,61.0671751631
808,2560260260.26,-3.65922859693,60.9285595592
809,2562562562.56,-3.65941863799,60.8000475917
810,2564864864.86,-3.66298495598,60.6218671324
811,2567167167.17,-3.66447308655,60.4836409544
812,2569469469.47,-3.6725384051,60.3408709543
813,2571771771.77,-3.6751470304,60.19787338
814,2574074074.07,-3.66989231995,60.0290883908
815,2576376376.38,-3.6861937297,59.8913444114
816,2578678678.68,-3.68501926227,59.7778734336
817,2580980980.98,-3.68076086087,59.5867032162
818,2583283283.28,-3.6913081993,59.4218147552
819,2585585585.59,-3.69423101567,59.2888570939
820,2587887887.89,-3.69654016213,59.1621584596
821,2590190190.19,-3.70379760409,59.0039205351
822,2592492492.49,-3.70166598328,58.90840378
823,2594794794.79,-3.70400160644,58.7613312188
824,2597097097.1,-3.71318606738,58.6041678452
825,2599399399.4,-3.72356287119,58.5004567078
826,2601701701.7,-3.71664582664,58.3491676775
827,2604004004.0,-3.72673366432,58.1757288214
828,2606306306.31,-3.72761488429,58.0437506856
829,2608608608.61,-3.72790671762,57.8639233611
830,2610910910.91,-3.73535940537,57.7065745664
831,2613213213.21,-3.73068902007,57.592831208
832,2615515515.52,-3.74303333094,57.412366446
833,2617817817.82,-3.74188691321,57.267306174
834,2620120120.12,-3.74529840536,57.1254159732
835,2622422422.42,-3.74566777588,56.9626916741
836,2624724724.72,-3.76214485466,56.8068533495
837,2627027027.03,-3.7537480901,56.6683165594
838,2629329329.33,-3.76698489867,56.5297117995
839,2631631631.63,-3.77142039564,56.3836688263
840,2633933933.93,-3.7698014963,56.2389636544
841,2636236236.24,-3.76580452966,56.1143210996
842,2638538538.54,-3.77613043104,55.9982696633
843,2640840840.84,-3.78594433324,55.7926117211
844,2643143143.14,-3.79064547234,55.6672493862
845,2645445445.45,-3.7982944699,55.538780469
846,2647747747.75,-3.79557137713,55.3488993438
847,2650050050.05,-3.79981488958,55.2243702587
848,2652352352.35,-3.80175286026,55.0606529155
849,2654654654.65,-3.79966673281,54.8961886944
850,2656956956.96,-3.7946614368,54.7767959723
851,2659259259.26,-3.803623129,54.5887868584
852,2661561561.56,-3.806603447,54.4100071912
853,2663863863.86,-3.82341330705,54.2872011779
854,2666166166.17,-3.82180837026,54.0726016871
855,2668468468.47,-3.81976486286,53.9598164917
856,2670770770.77,-3.82178189584,53.7930411928
857,2673073073.07,-3.83298053974,53.6555773561
858,2675375375.38,-3.83730099134,53.4685318306
859,2677677677.68,-3.83864409431,53.3087108893
860,2679979979.98,-3.84759094339,53.2316943893
861,2682282282.28,-3.84460116924,53.0242259869
862,2684584584.58,-3.85157669725,52.8723320128
863,2686886886.89,-3.85652382411,52.7426972297
864,2689189189.19,-3.85435357356,52.5719235965
865,2691491491.49,-3.85850231999,52.4865100023
866,2693793793.79,-3.86195933562,52.298302016
867,2696096096.1,-3.86642160499,52.2060994539
868,2698398398.4,-3.87101935983,52.011318356
869,2700700700.7,-3.86512308493,51.9004946841
870,2703003003.0,-3.86745859943,51.6777419408
871,2705305305.31,-3.88046649498,51.5770002703
872,2707607607.61,-3.88317818483,51.4194940931
873,2709909909.91,-3.88894854111,51.2181439083
874,2712212212.21,-3.89165448765,51.0584363615
875,2714514514.51,-3.89297609762,50.8868029993
876,2716816816.82,-3.89487092295,50.7791782142
877,2719119119.12,-3.8981638113,50.6112851061
878,2721421421.42,-3.89731090857,50.4861763116
879,2723723723.72,-3.89595276919,50.3507425099
880,2726026026.03,-3.89647210452,50.1648014278
881,2728328328.33,-3.90546190358,50.043612695
882,2730630630.63,-3.90927272087,49.8829346539
883,2732932932.93,-3.91374429746,49.7117631595
884,2735235235.24,-3.92567308091,49.5418846901
885,2737537537.54,-3.92249287619,49.3847152198
886,2739839839.84,-3.93145495028,49.2690024902
887,2742142142.14,-3.93143948966,49.043725336
888,2744444444.44,-3.93592276324,48.9545751415
889,2746746746.75,-3.93583201816,48.8399166224
890,2749049049.05,-3.93542566758,48.6591761397
891,2751351351.35,-3.947459929,48.5314191041
892,2753653653.65,-3.94742198711,48.3309260728
893,2755955955.96,-3.94603529731,48.174958705
894,2758258258.26,-3.95588422146,48.0202225845
895,2760560560.56,-3.95970853956,47.8457344383
896,2762862862.86,-3.96208091151,47.7292459695
897,2765165165.17,-3.95901921415,47.6336079918
898,2767467467.47,-3.95791576835,47.4379629972
899,2769769769.77,-3.96267981315,47.3515975177
900,2772072072.07,-3.97347536846,47.1470357162
901,2774374374.37,-3.97593520181,46.9830726978
902,2776676676.68,-3.97866091317,46.789473543
903,2778978978.98,-3.98708744041,46.6413317411
904,2781281281.28,-3.99148842137,46.5013757975
905,2783583583.58,-3.99592041768,46.3303093677
906,2785885885.89,-4.01079965703,46.1324658776
907,2788188188.19,-3.9988907013,45.9872508938
908,2790490490.49,-4.00224876855,45.7836567274
909,2792792792.79,-4.00017602248,45.697679221
910,2795095095.1,-4.01397132976,45.5084951732
911,2797397397.4,-4.01058936528,45.3291026294
912,2799699699.7,-4.01048213521,45.1576333867
913,2802002002.0,-4.02124000448,45.031071423
914,2804304304.3,-4.02155146572,44.9216794524
915,2806606606.61,-4.02181383272,44.757830142
916,2808908908.91,-4.02499020643,44.5603486669
917,2811211211.21,-4.02892585408,44.4116951388
918,2813513513.51,-4.03115777882,44.2312549546
919,2815815815.82,-4.03387076739,44.1065764758
920,2818118118.12,-4.03706473333,43.9773180514
921,2820420420.42,-4.03917939638,43.81410769
922,2822722722.72,-4.04268907088,43.6028950498
923,2825025025.03,-4.04446820898,43.4537283895
924,2827327327.33,-4.04327420186,43.3242289277
925,2829629629.63,-4.05112062125,43.205032775
926,2831931931.93,-4.05716688591,42.9823215501
927,2834234234.23,-4.05922989286,42.8308045466
928,2836536536.54,-4.05988598085,42.7112214704
929,2838838838.84,-4.06513644478,42.5319265799
930,2841141141.14,-4.06594096161,42.3932967779
931,2843443443.44,-4.07482680309,42.2623813393
932,2845745745.75,-4.07373638591,42.04774154
933,2848048048.05,-4.06986429813,41.9664687624
934,2850350350.35,-4.08120080146,41.7090314884
935,2852652652.65,-4.08857540802,41.618288843
936,2854954954.95,-4.08669718926,41.4687928251
937,2857257257.26,-4.08628268756,41.2748916824
938,2859559559.56,-4.08904229487,41.133631885
939,2861861861.86,-4.09759225973,40.9389413088
940,2864164164.16,-4.09156108009,40.802434488
941,2866466466.47,-4.10275562919,40.6392793278
942,2868768768.77,-4.10446102492,40.4933112151
943,2871071071.07,-4.10900969432,40.2458741938
944,2873373373.37,-4.10974433993,40.1674331192
945,2875675675.68,-4.1156307567,40.0036792359
946,2877977977.98,-4.12426222759,39.7984546933
947,2880280280.28,-4.12528046063,39.6033847125
948,2882582582.58,-4.12562994516,39.4882692386
949,2884884884.88,-4.11787173451,39.3078819517
950,2887187187.19,-4.12794702387,39.1538508013
951,2889489489.49,-4.12835003973,38.9724708074
952,2891791791.79,-4.13593999489,38.8483118497
953,2894094094.09,-4.13182033885,38.6622835151
954,2896396396.4,-4.13816864676,38.4838990685
955,2898698698.7,-4.14627187835,38.3685202795
956,2901001001.0,-4.14649497896,38.1382829457
957,2903303303.3,-4.15105917023,38.032134611
958,2905605605.61,-4.14930867912,37.9041020858
959,2907907907.91,-4.15798238361,37.674398149
960,2910210210.21,-4.16696790143,37.5953548515
961,2912512512.51,-4.16806570666,37.4328902761
962,2914814814.81,-4.17115635026,37.2338654986
963,2917117117.12,-4.17493593171,37.0716450505
964,2919419419.42,-4.18737794565,36.8753963345
965,2921721721.72,-4.17263132487,36.7209605425
966,2924024024.02,-4.18289972555,36.5239272612
967,2926326326.33,-4.18436720503,36.4463055613
968,2928628628.63,-4.17608120729,36.2271236571
969,2930930930.93,-4.1795754611,36.0759316167
970,2933233233.23,-4.18978111774,35.9276131311
971,2935535535.54,-4.19063582288,35.7128589833
972,2937837837.84,-4.18364546872,35.6136084951
973,2940140140.14,-4.20032534974,35.3899251084
974,2942442442.44,-4.18923733148,35.2721686388
975,2944744744.74,-4.20698268425,35.0734317397
976,2947047047.05,-4.19708948866,34.8449972481
977,2949349349.35,-4.21078475998,34.7383927587
978,2951651651.65,-4.2099177874,34.50819456
979,2953953953.95,-4.21116159688,34.4127899021
980,2956256256.26,-4.21580127526,34.2334466503
981,2958558558.56,-4.21596547557,34.0139661597
982,2960860860.86,-4.2260153621,33.846753569
983,2963163163.16,-4.22884697416,33.6895164914
984,2965465465.47,-4.23662974692,33.4926627706
985,2967767767.77,-4.23466442988,33.3004850873
986,2970070070.07,-4.220034448,33.1911347168
987,2972372372.37,-4.2302379216,32.9471233689
988,2974674674.67,-4.23636606427,32.827577966
989,2976976976.98,-4.23075928402,32.6362049399
990,2979279279.28,-4.24469479406,32.5016678592
991,2981581581.58,-4.24314209385,32.3270744467
992,2983883883.88,-4.2433413055,32.2584675974
993,2986186186.19,-4.24757872246,31.9685624789
994,2988488488.49,-4.25182795729,31.824541552
995,2990790790.79,-4.25274594646,31.6186806996
996,2993093093.09,-4.26008553009,31.45875536
997,2995395395.4,-4.25592890364,31.2770033284
998,2997697697.7,-4.26349113375,31.1601552715
999,3000000000.0,-4.26355005068,30.9475414603
